SD1A.210817.015.A4=7697517
SP1A.210812.015=7679548
SPB5.210812.002=7671067
SPB4.210715.014=7654839
SPB4.210715.011=7608474
SPB3.210618.013=7533405
RQ3A.211001.001=7641976
RQ3A.210905.001=7511028
RQ3A.210805.001=7474174
RQ3A.210805.001.A1=7474174
RQ3A.210705.001=7380771
RQ3A.210605.005=7349499
RQ2A.210505.003=7255357
RQ2A.210405.005=7181113
RQ2A.210305.007=7124944
RQ2A.210305.006=7119741
RQ1A.210205.004=7038034
RQ1A.210105.003=7005429
RQ1A.201205.011=6953398
RQ1A.201205.010=6953398
RQ1C.210205.006=7038034
RQ1D.210205.004=7038034
RQ1D.210105.003=7005429
RQ1D.201205.012.A1=6953398
RPP4.200409.015=6455311
RPP3.200320.017=6412707
RPP2.200227.009=6291673
RPP1.200123.016=6203814
RPB3.200720.005=6705141
RPB2.200611.009=6625208
RPB1.200504.018=6520161
RP1A.201105.002=6869500
RP1A.201005.006=6828489
RP1A.201005.004=6782484
RP1A.201005.004=6782484
RP1A.201005.004.A=6934943
RP1A.201005.004.A1=6934943
RP1A.200720.009=6720564
RD2A.210905.002=7513089
RD2A.210905.003=7513089
RD2A.210605.006=7360941
RD2A.210605.007=7360941
RD1A.201105.003.A1=6886399
RD1A.201105.003.B1=6886399
RD1A.201105.003.C1=6886399
RD1A.200810.022.A4=6792687
RD1A.200810.021.A3=6792687
RD1A.200810.021.B3=6792687
RD1A.200810.020=6792687
RD1A.200810.020.A1=6792687
