RQ3A.210705.001=7380771
RQ3A.210605.005=7349499
RQ2A.210505.003=7255357
RQ2A.210405.005=7181113
RQ2A.210305.007=7124944
RQ2A.210305.006=7119741
RQ1A.210205.004=7038034
RQ1A.201205.010=6953398
RP1A.201005.004=6782484
RP1A.201005.004.A=6934943
RP1A.201005.004.A1=6934943
RD1A.201105.003.C1=6886399
RP1A.201105.002=6869500
RP1A.201005.004=6782484
RP1A.201005.006=6828489
RP1A.200720.009=6720564
RPB3.200720.005=6705141
RPB2.200611.009=6625208
RPB1.200504.018=6520161
RPP4.200409.015=6455311
RPP3.200320.017=6412707
RPP2.200227.009=6291673
RPP1.200123.016=6203814
